acc = 0.7250766871165644
eval_loss = 1.5393783728614814
f1_score = 0.7373330506677974
precision = 0.7233777038269551
recall = 0.7518374405533939
